  0,0.000000,0.000000,0.000000,0.000000,0.046660,0.095440,0.208908,0.026979,0.042778,0.071069
  1,0.000000,0.000000,0.000000,0.000000,0.288441,0.428420,0.615058,0.190562,0.235359,0.282817
  2,0.000000,0.000000,0.000000,0.000000,0.291622,0.429480,0.608696,0.197902,0.242069,0.287402
  3,0.000000,0.000000,0.000000,0.000000,0.296925,0.439024,0.615058,0.192784,0.238259,0.282701
  4,0.000000,0.000000,0.000000,0.000000,0.294804,0.431601,0.616119,0.192565,0.236468,0.282973
  5,0.000000,0.000000,0.000000,0.000000,0.301166,0.434783,0.615058,0.194830,0.237700,0.283260
  6,0.000000,0.000000,0.000000,0.000000,0.284199,0.439024,0.617179,0.192378,0.242387,0.287164
  7,0.000000,0.000000,0.000000,0.000000,0.291622,0.433722,0.624602,0.193648,0.239414,0.287157
  8,0.000000,0.000000,0.000000,0.000000,0.297985,0.436903,0.627784,0.193762,0.237883,0.286002
  9,0.000000,0.000000,0.000000,0.000000,0.307529,0.455992,0.638388,0.204736,0.252231,0.297852
 10,0.000000,0.000000,0.000000,0.000000,0.323436,0.472959,0.653234,0.216239,0.264239,0.309295
 11,0.000000,0.000000,0.000000,0.000000,0.342524,0.497349,0.657476,0.233150,0.282928,0.322909
 12,0.000000,0.000000,0.000000,0.000000,0.353128,0.502651,0.670201,0.237813,0.286405,0.328262
 13,0.000000,0.000000,0.000000,0.000000,0.359491,0.511135,0.692471,0.245493,0.294716,0.340145
 14,0.000000,0.000000,0.000000,0.000000,0.369035,0.520679,0.693531,0.247938,0.296950,0.340583
 15,0.000000,0.000000,0.000000,0.000000,0.375398,0.531283,0.712619,0.252943,0.303225,0.348960
 16,0.000000,0.000000,0.000000,0.000000,0.371156,0.535525,0.722163,0.251469,0.304653,0.351688
 17,0.000000,0.000000,0.000000,0.000000,0.375398,0.535525,0.731707,0.254182,0.305925,0.355738
 18,0.000000,0.000000,0.000000,0.000000,0.378579,0.549311,0.737010,0.254505,0.309975,0.357389
 19,0.000000,0.000000,0.000000,0.000000,0.388123,0.550371,0.742312,0.258492,0.310887,0.359441
 20,0.000000,0.000000,0.000000,0.000000,0.384942,0.550371,0.745493,0.254190,0.307986,0.357394
 21,0.000000,0.000000,0.000000,0.000000,0.393425,0.562036,0.753977,0.257301,0.311797,0.360208
 22,0.000000,0.000000,0.000000,0.000000,0.394486,0.566278,0.758218,0.259037,0.314437,0.362884
 23,0.000000,0.000000,0.000000,0.000000,0.412513,0.567338,0.759279,0.266110,0.315599,0.364228
 24,0.000000,0.000000,0.000000,0.000000,0.393425,0.569459,0.758218,0.260651,0.317965,0.365760
 25,0.000000,0.000000,0.000000,0.000000,0.399788,0.575822,0.768823,0.262946,0.320388,0.369090
 26,0.000000,0.000000,0.000000,0.000000,0.404030,0.584305,0.764581,0.268361,0.326971,0.372496
 27,0.000000,0.000000,0.000000,0.000000,0.411453,0.586426,0.763521,0.271996,0.328704,0.373347
 28,0.000000,0.000000,0.000000,0.000000,0.410392,0.592789,0.761400,0.274642,0.333819,0.376608
 29,0.000000,0.000000,0.000000,0.000000,0.410392,0.583245,0.768823,0.277494,0.333902,0.380873
 30,0.000000,0.000000,0.000000,0.000000,0.413574,0.594910,0.761400,0.281666,0.340349,0.382559
 31,0.000000,0.000000,0.000000,0.000000,0.413574,0.589608,0.767762,0.280739,0.337571,0.382536
 32,0.000000,0.000000,0.000000,0.000000,0.410392,0.595970,0.764581,0.279999,0.340083,0.382722
 33,0.000000,0.000000,0.000000,0.000000,0.415695,0.588547,0.762460,0.279701,0.335712,0.380028
 34,0.000000,0.000000,0.000000,0.000000,0.413574,0.599152,0.764581,0.279677,0.339743,0.381793
 35,0.000000,0.000000,0.000000,0.000000,0.419936,0.600212,0.761400,0.281832,0.340054,0.380813
 36,0.000000,0.000000,0.000000,0.000000,0.416755,0.598091,0.760339,0.282916,0.341909,0.383151
 37,0.000000,0.000000,0.000000,0.000000,0.426299,0.597031,0.764581,0.286113,0.341648,0.384326
 38,0.000000,0.000000,0.000000,0.000000,0.425239,0.598091,0.769883,0.284701,0.340918,0.384629
 39,0.000000,0.000000,0.000000,0.000000,0.419936,0.601273,0.775186,0.284628,0.343383,0.387278
 40,0.000000,0.000000,0.000000,0.000000,0.428420,0.602333,0.773065,0.286249,0.342380,0.385697
 41,0.000000,0.000000,0.000000,0.000000,0.431601,0.606575,0.775186,0.291701,0.347821,0.390365
 42,0.000000,0.000000,0.000000,0.000000,0.422057,0.601273,0.768823,0.287261,0.345198,0.387539
 43,0.000000,0.000000,0.000000,0.000000,0.424178,0.603393,0.776246,0.289429,0.347579,0.391009
 44,0.000000,0.000000,0.000000,0.000000,0.426299,0.602333,0.778367,0.291795,0.348706,0.392979
 45,0.000000,0.000000,0.000000,0.000000,0.428420,0.608696,0.770944,0.291854,0.350133,0.390933
 46,0.000000,0.000000,0.000000,0.000000,0.418876,0.606575,0.778367,0.289189,0.350088,0.393588
 47,0.000000,0.000000,0.000000,0.000000,0.429480,0.604454,0.783669,0.292595,0.349448,0.394792
 48,0.000000,0.000000,0.000000,0.000000,0.428420,0.609756,0.773065,0.291159,0.350062,0.391306
 49,0.000000,0.000000,0.000000,0.000000,0.430541,0.616119,0.775186,0.293051,0.353310,0.393467
 50,0.000000,0.000000,0.000000,0.000000,0.424178,0.607635,0.775186,0.290710,0.350521,0.393131
 51,0.000000,0.000000,0.000000,0.000000,0.431601,0.608696,0.776246,0.293748,0.351226,0.393584
 52,0.000000,0.000000,0.000000,0.000000,0.433722,0.605514,0.775186,0.294394,0.350337,0.393353
 53,0.000000,0.000000,0.000000,0.000000,0.436903,0.607635,0.775186,0.295687,0.350791,0.393090
 54,0.000000,0.000000,0.000000,0.000000,0.445387,0.594910,0.765642,0.298218,0.346557,0.390162
 55,0.000000,0.000000,0.000000,0.000000,0.437964,0.602333,0.775186,0.295014,0.348373,0.392314
 56,0.000000,0.000000,0.000000,0.000000,0.440085,0.609756,0.772004,0.297629,0.352527,0.393562
 57,0.000000,0.000000,0.000000,0.000000,0.434783,0.605514,0.776246,0.291659,0.347297,0.390440
 58,0.000000,0.000000,0.000000,0.000000,0.437964,0.603393,0.779427,0.296475,0.350445,0.395178
 59,0.000000,0.000000,0.000000,0.000000,0.442206,0.611877,0.780488,0.299229,0.354171,0.396829
 60,0.000000,0.000000,0.000000,0.000000,0.437964,0.603393,0.787911,0.296077,0.349897,0.396738
 61,0.000000,0.000000,0.000000,0.000000,0.445387,0.612937,0.776246,0.298868,0.352928,0.394298
 62,0.000000,0.000000,0.000000,0.000000,0.442206,0.610817,0.788971,0.299225,0.354157,0.399071
 63,0.000000,0.000000,0.000000,0.000000,0.441145,0.617179,0.773065,0.297326,0.354675,0.394275
 64,0.000000,0.000000,0.000000,0.000000,0.445387,0.617179,0.778367,0.300175,0.356082,0.396821
 65,0.000000,0.000000,0.000000,0.000000,0.442206,0.618240,0.775186,0.300493,0.357685,0.397634
 66,0.000000,0.000000,0.000000,0.000000,0.444327,0.617179,0.773065,0.301616,0.357634,0.397440
 67,0.000000,0.000000,0.000000,0.000000,0.442206,0.620361,0.777306,0.301153,0.359152,0.398995
 68,0.000000,0.000000,0.000000,0.000000,0.440085,0.620361,0.777306,0.300454,0.358976,0.398918
 69,0.000000,0.000000,0.000000,0.000000,0.443266,0.622481,0.786850,0.300878,0.358846,0.400276
 70,0.000000,0.000000,0.000000,0.000000,0.443266,0.625663,0.775186,0.299898,0.359014,0.396863
 71,0.000000,0.000000,0.000000,0.000000,0.434783,0.617179,0.783669,0.297455,0.356699,0.398889
 72,0.000000,0.000000,0.000000,0.000000,0.437964,0.616119,0.777306,0.299948,0.357494,0.398390
 73,0.000000,0.000000,0.000000,0.000000,0.434783,0.623542,0.779427,0.296660,0.358029,0.397555
 74,0.000000,0.000000,0.000000,0.000000,0.436903,0.621421,0.776246,0.297858,0.358090,0.397500
 75,0.000000,0.000000,0.000000,0.000000,0.441145,0.625663,0.785790,0.298922,0.358836,0.399392
 76,0.000000,0.000000,0.000000,0.000000,0.439024,0.618240,0.778367,0.299436,0.357872,0.398688
 77,0.000000,0.000000,0.000000,0.000000,0.440085,0.621421,0.784730,0.300293,0.359082,0.400698
 78,0.000000,0.000000,0.000000,0.000000,0.442206,0.624602,0.774125,0.301743,0.360866,0.398951
 79,0.000000,0.000000,0.000000,0.000000,0.430541,0.623542,0.778367,0.298461,0.360969,0.400370
 80,0.000000,0.000000,0.000000,0.000000,0.437964,0.624602,0.776246,0.300820,0.361610,0.400285
 81,0.000000,0.000000,0.000000,0.000000,0.434783,0.622481,0.784730,0.299633,0.360792,0.402005
 82,0.000000,0.000000,0.000000,0.000000,0.433722,0.619300,0.788971,0.300001,0.360508,0.403464
 83,0.000000,0.000000,0.000000,0.000000,0.437964,0.624602,0.786850,0.301747,0.362481,0.403705
 84,0.000000,0.000000,0.000000,0.000000,0.444327,0.615058,0.781548,0.304530,0.360265,0.402621
 85,0.000000,0.000000,0.000000,0.000000,0.447508,0.620361,0.786850,0.306818,0.363161,0.405616
 86,0.000000,0.000000,0.000000,0.000000,0.448568,0.610817,0.782609,0.305586,0.358585,0.402497
 87,0.000000,0.000000,0.000000,0.000000,0.449629,0.607635,0.783669,0.304702,0.356632,0.401764
 88,0.000000,0.000000,0.000000,0.000000,0.448568,0.616119,0.793213,0.306797,0.361472,0.406619
 89,0.000000,0.000000,0.000000,0.000000,0.444327,0.613998,0.790032,0.303616,0.359225,0.404110
 90,0.000000,0.000000,0.000000,0.000000,0.446448,0.620361,0.786850,0.303596,0.360201,0.402397
 91,0.000000,0.000000,0.000000,0.000000,0.446448,0.615058,0.785790,0.306564,0.361514,0.405007
 92,0.000000,0.000000,0.000000,0.000000,0.448568,0.615058,0.792153,0.305312,0.359633,0.404769
 93,0.000000,0.000000,0.000000,0.000000,0.440085,0.622481,0.783669,0.302052,0.361753,0.402870
 94,0.000000,0.000000,0.000000,0.000000,0.443266,0.624602,0.788971,0.304500,0.363686,0.405519
 95,0.000000,0.000000,0.000000,0.000000,0.440085,0.622481,0.784730,0.301600,0.361433,0.402772
 96,0.000000,0.000000,0.000000,0.000000,0.444327,0.620361,0.774125,0.302220,0.359878,0.399199
 97,0.000000,0.000000,0.000000,0.000000,0.448568,0.628844,0.775186,0.304362,0.363211,0.400471
 98,0.000000,0.000000,0.000000,0.000000,0.452810,0.627784,0.775186,0.307472,0.364360,0.401880
 99,0.000000,0.000000,0.000000,0.000000,0.447508,0.618240,0.774125,0.307312,0.362750,0.402490
100,0.000000,0.000000,0.000000,0.000000,0.448568,0.628844,0.770944,0.306289,0.364624,0.400690
101,0.000000,0.000000,0.000000,0.000000,0.446448,0.623542,0.784730,0.305727,0.363318,0.404162
102,0.000000,0.000000,0.000000,0.000000,0.443266,0.625663,0.776246,0.304858,0.364487,0.402830
103,0.000000,0.000000,0.000000,0.000000,0.448568,0.626723,0.783669,0.306034,0.363767,0.403826
104,0.000000,0.000000,0.000000,0.000000,0.448568,0.616119,0.786850,0.307470,0.362124,0.405579
105,0.000000,0.000000,0.000000,0.000000,0.449629,0.623542,0.783669,0.307568,0.364069,0.404628
106,0.000000,0.000000,0.000000,0.000000,0.439024,0.619300,0.778367,0.304514,0.363562,0.404025
107,0.000000,0.000000,0.000000,0.000000,0.447508,0.624602,0.779427,0.308030,0.365878,0.405098
108,0.000000,0.000000,0.000000,0.000000,0.446448,0.618240,0.779427,0.306610,0.363018,0.404253
109,0.000000,0.000000,0.000000,0.000000,0.448568,0.622481,0.776246,0.308592,0.365233,0.404291
110,0.000000,0.000000,0.000000,0.000000,0.449629,0.633086,0.778367,0.310018,0.369527,0.406407
111,0.000000,0.000000,0.000000,0.000000,0.453871,0.625663,0.780488,0.309940,0.365744,0.405136
112,0.000000,0.000000,0.000000,0.000000,0.450689,0.625663,0.782609,0.309234,0.366316,0.406300
113,0.000000,0.000000,0.000000,0.000000,0.449629,0.624602,0.779427,0.307503,0.364709,0.404235
114,0.000000,0.000000,0.000000,0.000000,0.451750,0.629905,0.783669,0.309983,0.367604,0.406528
115,0.000000,0.000000,0.000000,0.000000,0.460233,0.628844,0.790032,0.310677,0.365155,0.405956
116,0.000000,0.000000,0.000000,0.000000,0.454931,0.625663,0.784730,0.308884,0.364403,0.404944
117,0.000000,0.000000,0.000000,0.000000,0.463415,0.625663,0.794274,0.313630,0.366191,0.408824
118,0.000000,0.000000,0.000000,0.000000,0.458112,0.629905,0.787911,0.309265,0.364908,0.405149
119,0.000000,0.000000,0.000000,0.000000,0.451750,0.622481,0.782609,0.307406,0.363136,0.403918
120,0.000000,0.000000,0.000000,0.000000,0.457052,0.628844,0.786850,0.310777,0.366843,0.407196
121,0.000000,0.000000,0.000000,0.000000,0.461294,0.626723,0.777306,0.311814,0.365801,0.404379
122,0.000000,0.000000,0.000000,0.000000,0.460233,0.629905,0.769883,0.309595,0.364509,0.400277
123,0.000000,0.000000,0.000000,0.000000,0.457052,0.637328,0.774125,0.308504,0.366989,0.401881
124,0.000000,0.000000,0.000000,0.000000,0.450689,0.633086,0.766702,0.308313,0.367582,0.401845
125,0.000000,0.000000,0.000000,0.000000,0.453871,0.633086,0.774125,0.308894,0.366912,0.402986
126,0.000000,0.000000,0.000000,0.000000,0.455992,0.629905,0.773065,0.309327,0.365921,0.402501
127,0.000000,0.000000,0.000000,0.000000,0.460233,0.634146,0.777306,0.311772,0.367823,0.404249
128,0.000000,0.000000,0.000000,0.000000,0.463415,0.633086,0.774125,0.310478,0.364960,0.400803
